1E-05
2E-05
3.1E-05
4.31E-05
5.641E-05
7.1051E-05
8.71561E-05
0.00010487171
0.000124358881
0.0001457947691
0.00016937424601
0.000195311670611
0.0002238428376721
0.00025522712143931
0.000289749833583241
0.000327724816941565
0.000369497298635722
0.000415447028499294
0.000465991731349224
0.000521590904484146
0.000582749994932561
0.000650024994425817
0.000724027493868399
0.000805430243255238
0.000894973267580762
0.000993470594338839
0.00110181765377272
0.00122099941914999
0.00135209936106499
0.00149630929717149
0.00165494022688864
0.00182943424957751
0.00202137767453526
0.00223251544198879
0.00246476698618766
0.00272024368480643
0.00300126805328707
0.00331039485861578
0.00365043434447736
0.0040244777789251
0.00443592555681761
0.00488851811249937
0.0053863699237493
0.00593400691612424
0.00653640760773666
0.00719904836851033
0.00792795320536136
0.0087297485258975
0.00961172337848725
0.01
